THRESHOLD : 2
IMGBOX: 1 1 1 43 47 
HPP:0 1 1 19 24 24 1 1 1 24 27 26 4 2 2 1 1 8 23 24 26 1 1 2 24 27 26 8 2 1 2 1 10 22 26 25 0 1 0 25 27 26 18 0 0 

VPP:0 7 14 11 25 10 7 3 9 10 10 13 14 8 10 11 6 9 15 16 14 9 6 5 6 9 11 16 18 20 14 8 12 8 12 10 13 16 16 10 10 4 4 8 18 18 12 0 0 0 

AFTER THRESHOLD
HPP:0 0 0 1 1 1 0 0 0 1 1 1 1 1 1 0 0 1 1 1 1 0 0 1 1 1 1 1 1 0 1 0 1 1 1 1 0 0 0 1 1 1 1 0 0 

VPP:0 1 1 1 1 1 1 1 1 1 1 1 1 1 1 1 1 1 1 1 1 1 1 1 1 1 1 1 1 1 1 1 1 1 1 1 1 1 1 1 1 1 1 1 1 1 1 0 0 0 

BOXCOUNT H: 7 V: 1
Reading DIR:horizontal

Text Line Boxes:

BOX: 2 3 1 5 47 
BOX: 2 9 1 14 47 
BOX: 2 17 1 20 47 
BOX: 2 23 1 28 47 
BOX: 2 30 1 30 47 
BOX: 2 32 1 35 47 
BOX: 2 39 1 42 47 
ListHead-->(BOX: 2 3 1 5 47 ) -->(BOX: 2 9 1 14 47 ) -->(BOX: 2 17 1 20 47 ) -->(BOX: 2 23 1 28 47 ) -->(BOX: 2 30 1 30 47 ) -->(BOX: 2 32 1 35 47 ) -->(BOX: 2 39 1 42 47 ) -->NULL
