THRESHOLD: 2
IMGBOX: 1 1 3 44 47 
HPP:0 7 18 21 20 20 15 3 7 9 13 18 15 9 2 0 7 17 21 20 20 15 3 7 9 13 17 15 8 2 0 7 17 21 20 20 15 3 8 10 14 17 16 11 0 

VPP:0 0 0 18 26 24 12 2 1 0 16 19 22 15 15 9 0 1 3 24 30 27 12 6 1 1 0 9 18 24 21 9 15 0 0 0 15 21 24 30 18 2 0 1 9 15 15 0 0 0 

AFTER THRESHOLD 
HPP:0 1 1 1 1 1 1 1 1 1 1 1 1 1 1 0 1 1 1 1 1 1 1 1 1 1 1 1 1 1 0 1 1 1 1 1 1 1 1 1 1 1 1 1 0 

VPP:0 0 0 1 1 1 1 1 0 0 1 1 1 1 1 1 0 0 1 1 1 1 1 1 0 0 0 1 1 1 1 1 1 0 0 0 1 1 1 1 1 1 0 0 1 1 1 0 0 0 

BOXCOUNT H: 3 V: 6
Reading DIR:vertical

Text Line Boxes:

BOX: 2 1 3 44 8 
BOX: 2 1 10 44 16 
BOX: 2 1 18 44 24 
BOX: 2 1 27 44 33 
BOX: 2 1 36 44 42 
BOX: 2 1 44 44 47 
ListHead-->(BOX: 2 1 3 44 8 ) -->(BOX: 2 1 10 44 16 ) -->(BOX: 2 1 18 44 24 ) -->(BOX: 2 1 27 44 33 ) -->(BOX: 2 1 36 44 42 ) -->(BOX: 2 1 44 44 47 ) -->NULL
