                                                                                            
          55                                             43                                   
                    45 51                       48         43                                   
                    55 51                       48         43                                   
    22           43                             38         43   35                               
                  44                           41           44                                 
                  44                           38           44                 31               
                53                                           45         55                     
                                            48 38 48         44                                 
      43                                   48   48 48 48     43                                   
                                        48 33     41 48 48     44                                 
          45 51                         48 48 48     48 48 48 48                                     
          55 51                                                                 44             
    22 23 24 27 28 29 31 30 32 34 35 34 35 38 40 48 60 63 60 48 41 38 35 34 32 31 30 28 25 28 24 22                         
                                  48 48 48 48   48 48 48 34 48 48 48 48                         32       
                                48 48 48 48 48 48 48 48 48 48 48 48   48 48                   55           
                              48 48 48 41 42 43 41 42 43   48 48 46 48 48 48 48       51                     
                            48 41 48 44 48 48 45 48 44 48 48 48 48 48 48 48     48                           
                          48 48 48 48 60 48 48 48 48 48 61 62 48 48 48 48     48 48 48                         
                        48 48 48   48 48 48   48 48 48 48 48   48 48 47 48   48 48 48 48                       
    52                 48 48 58 48 48 48 48 48 48 28 38 48 48 48 48 48 48   48 48 28 48 48 48 48                     
                    48 48 58 48 48 48 40 48 47 48 48 48 41 48 42 48 52 48       48 48 48 38 48 48 48                 
    22 23 24 27 28 29 31 30 32 34 35 34 35 38 40 48 60 63 60 48 41 38 35 34 32 31 30 28 25 28 24 22                         
                48 48 48 48 48 48   48 48 48 48 58 58 58 38 38 58 48 58 58 28 24   48 48 48 48 48 48 48 48               
      48 41 48 42 48 43   48 60 48 48 48 48 41 42 48 43 48 46 48 45 48 40 48     48 30 48 48 48   48 48 48 38 48 48 28 48 48     
                48 48 48 48 48 48 48 48 48 63 48 63 48 48 48 48   48 48 48     48 48 48 48 48   48 48 48               
                  48 48   48 48 42 48 48   48 48 48 48 63 48 48 48 48 48 48     48 48 48   48 48 48                 
                    48 48 62 48 55 48 48 48       48 48 48 54 48 58 48 48       48 48 48 48 48                   
                      48 48 48 48 48 48 48 28   48 48 48 48 48 48   48 48         48 48 48                     
                        48 48 48 48   48 48 48 48 48 48   48 48 48 48 48 48 48     48 48                       
    22 23 24 27 28 29 31 30 32 34 35 34 35 38 40 48 60 63 60 48 41 38 35 34 32 31 30 28 25 28 24 22                         
                          48 48 48 48 48   48 48 48 48 48 48 48 48 48   48 48     48                         
                            48 48 48 48 48 48 48 48 48 48 48 48 48 48 48 48 48                               
                              48 48 41 42 43 48 40 48 42 48 43 48 44 48 28 48 48                 55           
        42 55   42                                                                             
                                  48 48 58           48       48                                 
                                    48 48   48       48 48   48                                   
          51                           48 38 48 38     48 38 48                                     
                                        48 48 48 48 48 48 48                                       
                                          48 48   48 48                                         
      44 44 44                                 48 48 48                     55         55           
      43             55 51                       48                                             
      43 44 45 51                                 48                     43                       
      43                                       48                   39 54       43         33     
      43           44                           48                                             
      43                                                                                     
