0  0  0  0  0  0  0  0  0  0  0  0  0  0  0  0  0  0  0  0  0  0  0  0  0  0  0  0  0  0  0  0  0  0  0  0  0  0  0  0  0  0  
0  0  0  0  0  0  0  0  0  0  0  0  0  0  0  0  0  0  0  0  0  0  0  0  0  0  0  0  0  0  0  0  0  0  0  0  0  0  0  0  0  0  
0  0  0  0  0  0  0  0  0  0  0  0  0  0  0  0  0  0  0  0  0  0  0  0  0  0  0  0  0  0  0  0  0  0  0  0  0  0  0  0  0  0  
0  0  0  0  0  0  0  0  0  0  0  0  0  0  0  0  0  0  0  0  0  0  0  0  0  0  0  0  0  0  0  0  0  0  0  0  0  0  0  0  0  0  
0  0  0  0  0  0  0  0  0  0  0  0  0  0  0  0  0  0  0  0  0  0  0  0  0  0  0  0  0  0  0  0  0  0  0  0  0  0  0  0  0  0  
0  0  0  0  0  0  0  0  0  0  0  0  0  0  0  0  0  0  0  0  0  0  0  0  0  0  0  0  0  0  0  0  0  0  0  0  0  0  0  0  0  0  
0  0  0  0  0  1  1  1  1  1  1  1  1  1  1  1  1  1  1  1  1  1  1  1  1  1  1  1  1  0  0  0  0  0  0  0  0  0  0  0  0  0  
0  0  0  0  0  1  1  1  1  1  1  1  1  1  1  1  1  1  1  1  1  1  1  1  1  1  1  1  1  0  0  0  0  0  0  0  0  0  0  0  0  0  
0  0  0  0  0  1  1  1  1  1  1  1  1  1  1  1  1  1  1  1  1  1  1  1  1  1  1  1  1  0  0  0  0  0  0  0  0  0  0  0  0  0  
0  0  0  0  0  1  1  1  1  1  1  1  1  1  1  1  1  1  1  1  1  1  1  1  1  1  1  1  1  0  0  0  0  0  0  0  0  0  0  0  0  0  
0  0  0  0  0  1  1  1  1  1  1  1  1  1  1  1  1  1  1  1  1  1  1  1  1  1  1  1  1  0  0  0  0  0  0  0  0  0  0  0  0  0  
0  0  0  0  0  1  1  1  1  1  1  1  1  1  1  1  1  1  1  1  1  1  1  1  1  1  1  1  1  0  0  0  0  0  0  0  0  0  0  0  0  0  
0  0  0  0  0  1  1  1  1  1  1  1  1  1  1  1  1  1  1  1  1  1  1  1  1  1  1  1  1  0  0  0  0  0  0  0  0  0  0  0  0  0  
0  0  0  0  0  1  1  1  1  1  1  1  1  1  1  1  1  1  1  1  1  1  1  1  1  1  1  1  1  0  0  0  0  0  0  0  0  0  0  0  0  0  
0  0  0  0  0  1  1  1  1  1  1  1  1  1  1  1  1  1  1  1  1  1  1  1  1  1  1  1  1  0  0  0  0  0  0  0  0  0  0  0  0  0  
0  0  0  0  0  0  1  1  1  1  1  1  1  1  1  1  1  1  1  1  1  1  1  1  1  1  1  1  1  1  0  0  0  0  0  0  0  0  0  0  0  0  
0  0  0  0  0  0  0  1  1  1  1  1  1  1  1  1  1  1  1  1  1  1  1  1  1  1  1  1  1  1  1  0  0  0  0  0  0  0  0  0  0  0  
0  0  0  0  0  0  0  0  1  1  1  1  1  1  1  1  1  1  1  1  1  1  1  1  1  1  1  1  1  1  1  1  0  0  0  0  0  0  0  0  0  0  
0  0  0  0  0  0  0  0  0  1  1  1  1  1  1  1  1  1  1  1  1  1  1  1  1  1  1  1  1  1  1  1  1  0  0  0  0  0  0  0  0  0  
0  0  0  0  0  0  0  0  0  0  1  1  1  1  1  1  1  1  1  1  1  1  1  1  1  1  1  1  1  1  1  1  1  1  0  0  0  0  0  0  0  0  
0  0  0  0  0  0  0  0  0  0  0  1  1  1  1  1  1  1  1  1  1  1  1  1  1  1  1  1  1  1  1  1  1  1  1  0  0  0  0  0  0  0  
0  0  0  0  0  0  0  0  0  0  0  0  1  1  1  1  1  1  1  1  1  1  1  1  1  1  1  1  1  1  1  1  1  1  1  1  0  0  0  0  0  0  
0  0  0  0  0  0  0  0  0  0  0  1  1  1  1  1  1  1  1  1  1  1  1  1  1  1  1  1  1  1  1  1  1  1  1  0  0  0  0  0  0  0  
0  0  0  0  0  0  0  0  0  0  1  1  1  1  1  1  1  1  1  1  1  1  1  1  1  1  1  1  1  1  1  1  1  1  0  0  0  0  0  0  0  0  
0  0  0  0  0  0  0  0  0  1  1  1  1  1  1  1  1  1  1  1  1  1  1  1  1  1  1  1  1  1  1  1  1  0  0  0  0  0  0  0  0  0  
0  0  0  0  0  0  0  0  1  1  1  1  1  1  1  1  1  1  1  1  1  1  1  1  1  1  1  1  1  1  1  1  0  0  0  0  0  0  0  0  0  0  
0  0  0  0  0  0  0  1  1  1  1  1  1  1  1  1  1  1  1  1  1  1  1  1  1  1  1  1  1  1  1  0  0  0  0  0  0  0  0  0  0  0  
0  0  0  0  0  0  1  1  1  1  1  1  1  1  1  1  1  1  1  1  1  1  1  1  1  1  1  1  1  1  0  0  0  0  0  0  0  0  0  0  0  0  
0  0  0  0  0  1  1  1  1  1  1  1  1  1  1  1  1  1  1  1  1  1  1  1  1  1  1  1  1  0  0  0  0  0  0  0  0  0  0  0  0  0  
0  0  0  0  1  1  1  1  1  1  1  1  1  1  1  1  1  1  1  1  1  1  1  1  1  1  1  1  1  0  0  0  0  0  0  0  0  0  0  0  0  0  
0  0  0  1  1  1  1  1  1  1  1  1  1  1  1  1  1  1  1  1  1  1  1  1  1  1  1  1  1  0  0  0  0  0  0  0  0  0  0  0  0  0  
0  0  0  0  1  1  1  1  1  1  1  1  1  1  1  1  1  1  1  1  1  1  1  1  1  1  1  1  1  0  0  0  0  0  0  0  0  0  0  0  0  0  
0  0  0  0  0  1  1  1  1  1  1  1  1  1  1  1  1  1  1  1  1  1  1  1  1  1  1  1  1  0  0  0  0  0  0  0  0  0  0  0  0  0  
0  0  0  0  0  0  1  1  1  1  1  1  1  1  1  1  1  1  1  1  1  1  1  1  1  1  1  1  1  0  0  0  0  0  0  0  0  0  0  0  0  0  
0  0  0  0  0  0  0  1  1  1  1  1  1  1  1  1  1  1  1  1  1  1  1  1  1  1  1  1  1  0  0  0  0  0  0  0  0  0  0  0  0  0  
0  0  0  0  0  0  0  0  1  1  1  1  1  1  1  1  1  1  1  1  1  1  1  1  1  1  1  1  1  0  0  0  0  0  0  0  0  0  0  0  0  0  
0  0  0  0  0  0  0  0  0  1  1  1  1  1  1  1  1  1  1  1  1  1  1  1  1  1  1  1  1  0  0  0  0  0  0  0  0  0  0  0  0  0  
0  0  0  0  0  0  0  0  0  0  1  1  1  1  1  1  1  1  1  1  1  1  1  1  1  1  1  1  1  0  0  0  0  0  0  0  0  0  0  0  0  0  
0  0  0  0  0  0  0  0  0  0  0  1  1  1  1  1  1  1  1  1  1  1  1  1  1  1  1  1  1  0  0  0  0  0  0  0  0  0  0  0  0  0  
0  0  0  0  0  0  0  0  0  0  0  0  1  1  1  1  1  1  1  1  1  1  1  1  1  1  1  1  1  0  0  0  0  0  0  0  0  0  0  0  0  0  
0  0  0  0  0  0  0  0  0  0  0  0  0  0  0  0  0  0  0  0  0  0  0  0  0  0  0  0  0  0  0  0  0  0  0  0  0  0  0  0  0  0  
0  0  0  0  0  0  0  0  0  0  0  0  0  0  0  0  0  0  0  0  0  0  0  0  0  0  0  0  0  0  0  0  0  0  0  0  0  0  0  0  0  0  

Pass Case 1
                                                                                                                        
                                                                                                                        
                                                                                                                        
                                                                                                                        
                                                                                                                        
            1  1  1  1  1  1  1  1  1  1  1  1  1  1  1  1  1  1  1  1  1  1  1  1                                      
            1  2  2  2  2  2  2  2  2  2  2  2  2  2  2  2  2  2  2  2  2  2  2  1                                      
            1  2  3  3  3  3  3  3  3  3  3  3  3  3  3  3  3  3  3  3  3  3  2  1                                      
            1  2  3  4  4  4  4  4  4  4  4  4  4  4  4  4  4  4  4  4  4  3  2  1                                      
            1  2  3  4  5  5  5  5  5  5  5  5  5  5  5  5  5  5  5  5  4  3  2  1                                      
            1  2  3  4  5  6  6  6  6  6  6  6  6  6  6  6  6  6  6  5  4  3  2  1                                      
            1  2  3  4  5  6  7  7  7  7  7  7  7  7  7  7  7  7  6  5  4  3  2  1                                      
            1  2  3  4  5  6  7  8  8  8  8  8  8  8  8  8  8  7  6  5  4  3  2  1                                      
            1  2  3  4  5  6  7  8  9  9  9  9  9  9  9  9  8  7  6  5  4  3  2  1                                      
               1  2  3  4  5  6  7  8  9  10 10 10 10 10 9  8  7  6  5  4  3  2  1  1                                   
                  1  2  3  4  5  6  7  8  9  10 11 11 10 9  8  7  6  5  4  3  2  2  1  1                                
                     1  2  3  4  5  6  7  8  9  10 11 10 9  8  7  6  5  4  3  3  2  2  1  1                             
                        1  2  3  4  5  6  7  8  9  10 10 9  8  7  6  5  4  4  3  3  2  2  1  1                          
                           1  2  3  4  5  6  7  8  9  10 9  8  7  6  5  5  4  4  3  3  2  2  1  1                       
                              1  2  3  4  5  6  7  8  9  9  8  7  6  6  5  5  4  4  3  3  2  2  1  1                    
                                 1  2  3  4  5  6  7  8  9  8  7  7  6  6  5  5  4  4  3  3  2  2  1  1                 
                              1  1  2  3  4  5  6  7  8  9  8  8  7  7  6  6  5  5  4  4  3  3  2  2                    
                           1  1  2  2  3  4  5  6  7  8  9  9  8  8  7  7  6  6  5  5  4  4  3  3                       
                        1  1  2  2  3  3  4  5  6  7  8  9  9  9  8  8  7  7  6  6  5  5  4  4                          
                     1  1  2  2  3  3  4  4  5  6  7  8  9  10 9  9  8  8  7  7  6  6  5  5                             
                  1  1  2  2  3  3  4  4  5  5  6  7  8  9  10 10 9  9  8  8  7  7  6  6                                
               1  1  2  2  3  3  4  4  5  5  6  6  7  8  9  10 10 10 9  9  8  8  7  7                                   
            1  1  2  2  3  3  4  4  5  5  6  6  7  7  8  9  10 11 10 10 9  9  8  8                                      
         1  1  2  2  3  3  4  4  5  5  6  6  7  7  8  8  9  10 11 11 10 10 9  9  1                                      
      1  1  2  2  3  3  4  4  5  5  6  6  7  7  8  8  9  9  10 11 11 11 10 10 2  1                                      
         1  2  3  3  4  4  5  5  6  6  7  7  8  8  9  9  10 10 11 12 11 11 3  2  1                                      
            1  2  3  4  5  5  6  6  7  7  8  8  9  9  10 10 11 11 12 12 4  3  2  1                                      
               1  2  3  4  5  6  7  7  8  8  9  9  10 10 11 11 12 12 5  4  3  2  1                                      
                  1  2  3  4  5  6  7  8  9  9  10 10 11 11 12 12 6  5  4  3  2  1                                      
                     1  2  3  4  5  6  7  8  9  10 11 11 12 12 7  6  5  4  3  2  1                                      
                        1  2  3  4  5  6  7  8  9  10 11 12 8  7  6  5  4  3  2  1                                      
                           1  2  3  4  5  6  7  8  9  10 9  8  7  6  5  4  3  2  1                                      
                              1  2  3  4  5  6  7  8  9  9  8  7  6  5  4  3  2  1                                      
                                 1  2  3  4  5  6  7  8  9  8  7  6  5  4  3  2  1                                      
                                                                                                                        

Pass Case 2
                                                                                                                        
                                                                                                                        
                                                                                                                        
                                                                                                                        
                                                                                                                        
            1  1  1  1  1  1  1  1  1  1  1  1  1  1  1  1  1  1  1  1  1  1  1  1                                      
            1  2  2  2  2  2  2  2  2  2  2  2  2  2  2  2  2  2  2  2  2  2  2  1                                      
            1  2  3  3  3  3  3  3  3  3  3  3  3  3  3  3  3  3  3  3  3  3  2  1                                      
            1  2  3  4  4  4  4  4  4  4  4  4  4  4  4  4  4  4  4  4  4  3  2  1                                      
            1  2  3  4  5  5  5  5  5  5  5  5  5  5  5  5  5  5  5  5  4  3  2  1                                      
            1  2  3  4  4  5  5  6  6  6  6  6  6  6  6  6  6  6  6  5  4  3  2  1                                      
            1  2  3  3  4  4  5  5  6  6  7  7  7  7  7  7  7  7  6  5  4  3  2  1                                      
            1  2  2  3  3  4  4  5  5  6  6  7  7  8  8  8  8  7  6  5  4  3  2  1                                      
            1  1  2  2  3  3  4  4  5  5  6  6  7  7  8  9  8  7  6  5  4  3  2  1                                      
               1  1  2  2  3  3  4  4  5  5  6  6  7  8  9  8  7  6  5  4  3  2  1  1                                   
                  1  1  2  2  3  3  4  4  5  5  6  7  8  9  8  7  6  5  4  3  2  2  1  1                                
                     1  1  2  2  3  3  4  4  5  6  7  8  9  8  7  6  5  4  3  3  2  2  1  1                             
                        1  1  2  2  3  3  4  5  6  7  8  9  8  7  6  5  4  4  3  3  2  2  1  1                          
                           1  1  2  2  3  4  5  6  7  8  9  8  7  6  5  5  4  4  3  3  2  2  1  1                       
                              1  1  2  3  4  5  6  7  8  9  8  7  6  6  5  5  4  4  3  3  2  2  1  1                    
                                 1  2  3  4  5  6  7  8  9  8  7  7  6  6  5  5  4  4  3  3  2  2  1  1                 
                              1  1  2  3  4  5  6  7  8  9  8  7  6  6  5  5  4  4  3  3  2  2  1  1                    
                           1  1  2  2  3  4  5  6  7  8  9  8  7  6  5  5  4  4  3  3  2  2  1  1                       
                        1  1  2  2  3  3  4  5  6  7  8  9  8  7  6  5  4  4  3  3  2  2  1  1                          
                     1  1  2  2  3  3  4  4  5  6  7  8  9  8  7  6  5  4  3  3  2  2  1  1                             
                  1  1  2  2  3  3  4  4  5  5  6  7  8  9  8  7  6  5  4  3  2  2  1  1                                
               1  1  2  2  3  3  4  4  5  5  6  6  7  8  9  8  7  6  5  4  3  2  1  1                                   
            1  1  2  2  3  3  4  4  5  5  6  6  7  7  8  9  8  7  6  5  4  3  2  1                                      
         1  1  2  2  3  3  4  4  5  5  6  6  7  7  8  8  9  8  7  6  5  4  3  2  1                                      
      1  1  2  2  3  3  4  4  5  5  6  6  7  7  8  8  9  9  8  7  6  5  4  3  2  1                                      
         1  1  2  2  3  3  4  4  5  5  6  6  7  7  8  8  9  8  7  6  5  4  3  2  1                                      
            1  1  2  2  3  3  4  4  5  5  6  6  7  7  8  8  8  7  6  5  4  3  2  1                                      
               1  1  2  2  3  3  4  4  5  5  6  6  7  7  7  7  7  6  5  4  3  2  1                                      
                  1  1  2  2  3  3  4  4  5  5  6  6  6  6  6  6  6  5  4  3  2  1                                      
                     1  1  2  2  3  3  4  4  5  5  5  5  5  5  5  5  5  4  3  2  1                                      
                        1  1  2  2  3  3  4  4  4  4  4  4  4  4  4  4  4  3  2  1                                      
                           1  1  2  2  3  3  3  3  3  3  3  3  3  3  3  3  3  2  1                                      
                              1  1  2  2  2  2  2  2  2  2  2  2  2  2  2  2  2  1                                      
                                 1  1  1  1  1  1  1  1  1  1  1  1  1  1  1  1  1                                      
                                                                                                                        

Skeletonization
                                                                                                                        
                                                                                                                        
                                                                                                                        
                                                                                                                        
                                                                                                                        
            1                                                                    1                                      
               1                                                              1                                         
                  1                                                        1                                            
                     1                                                  1                                               
                        1  1  1                                      1                                                  
                     1     1     1  1  1                          1                                                     
                  1     1     1     1     1  1  1              1                                                        
               1     1     1     1     1     1     1  1     1                                                           
            1     1     1     1     1     1     1        1                                                              
               1     1     1     1     1     1           1                          1                                   
                  1     1     1     1     1              1                       1     1                                
                     1     1     1     1                 1                    1     1     1                             
                        1     1     1                    1                 1     1     1     1                          
                           1     1                       1              1     1     1     1     1                       
                              1                          1           1     1     1     1     1     1                    
                                                         1        1     1     1     1     1     1     1                 
                              1                          1           1     1     1     1     1     1                    
                           1     1                       1              1     1     1     1     1                       
                        1     1     1                    1                 1     1     1     1                          
                     1     1     1     1                 1                    1     1     1                             
                  1     1     1     1     1              1                       1     1                                
               1     1     1     1     1     1           1                          1                                   
            1     1     1     1     1     1     1        1                                                              
         1     1     1     1     1     1     1     1     1                                                              
      1     1     1     1     1     1     1     1     1  1                                                              
         1     1     1     1     1     1     1     1     1                                                              
            1     1     1     1     1     1     1     1     1                                                           
               1     1     1     1     1     1     1           1                                                        
                  1     1     1     1     1     1                 1                                                     
                     1     1     1     1     1                       1                                                  
                        1     1     1     1                             1                                               
                           1     1     1                                   1                                            
                              1     1                                         1                                         
                                 1                                               1                                      
                                                                                                                        
